00001111111111100000000000000000
00011111111111111000000000000000
00111111111111111110000000000000
00011111111111111111000000000000
00000000000000111111000000000000
00000000000000001111000000000000
00000000000000001111100000000000
00000000000000000111100000000000
00000000000000000111100000000000
00000000000000000111100000000000
00000000000000000111100000000000
00000000000000001111100000000000
00000000000000011111100000000000
00000000000000111111000000000000
00000000000001111110000000000000
00000000000011111100000000000000
00000000011111111000000000000000
00000001111111110000000000000000
00001111111111100000000000000000
00111111111111000000000000000000
01111111111111111111111111111100
11111111111111111111111111111111
11111111111111111111111111111111
01111111111111111111111111111111
00000000000000000000000000000000
00000000000000000000000000000000
00000000000000000000000000000000
00000000000000000000000000000000
00000000000000000000000000000000
00000000000000000000000000000000
00000000000000000000000000000000
00000000000000000000000000000000
