00000000000000000000000000000000
00000000000000000000000000000000
00000000000000000000000000000000
00000000000000000000000000000000
00000000000000000000000000000000
00000000000000000000000000000000
00000000000000000000000000000000
00000000000000000000000000000000
00000000000010010000000000000000
00000000000000011000000000000000
00000000010000001000000000000000
00000000010000001000000000000000
00000000010000000000000000000000
00000000011000000000000000000000
00000000001100000000000000000000
00000000000110000000000000000000
00000000000001100000000000000000
00000000000000010000000000000000
00000000000000001000000000000000
00000000000000001100000000000000
00000000100000000100000000000000
00000000100000000100000000000000
00000000110000000000000000000000
00000000011100010000000000000000
00000000000111000000000000000000
00000000000000000000000000000000
00000000000000000000000000000000
00000000000000000000000000000000
00000000000000000000000000000000
00000000000000000000000000000000
00000000000000000000000000000000
00000000000000000000000000000000
