00000000000000000000000000000000
00000000000000000000000000000000
00001111111111110000000000000000
00111111111111111111000000000000
11111111111111111111100000000000
11111111111111111111111000000000
00111110000000111111111000000000
00000000000000001111111110000000
00000000000000001111111110000000
00000000000000000011111110000000
00000000000000000011111110000000
00000000000000000011111110000000
00000000000000001111111110000000
00000000000000111111111110000000
00000000000111111111111110000000
00000000011111111111111000000000
00000111111111111111000000000000
00001111111111111100000000000000
00111111111111000000000000000000
11111111111111111111111111111100
11111111111111111111111111111111
11111111111111111111111111111111
11111111111111111111111111111111
00000000000000000000000000000000
00000000000000000000000000000000
00000000000000000000000000000000
00000000000000000000000000000000
00000000000000000000000000000000
00000000000000000000000000000000
00000000000000000000000000000000
00000000000000000000000000000000
00000000000000000000000000000000
