00000000000111000011100000000000
00000000001111000111100000000000
00000000011111000111100000000000
00000000011111000111110000000000
00000000111110000111110000000000
00000001111100000111110000000000
00000011111100000011110000000000
00000111111000000011110000000000
00001111110000000011110000000000
00011111100000000011110000000000
00011111000000000011110000000000
00111110000000000011110000000000
00111110000000000011110000000000
00111100000000000011110000000000
01111111111111111111111111110000
01111111111111111111111111111100
11111111111111111111111111111100
11111111111111111111111111111100
01111100000000000111100000000000
00000000000000000111100000000000
00000000000000000111100000000000
00000000000000000111100000000000
00000000000000000111100000000000
00000000000000000111100000000000
00000000000000000111100000000000
00000000000000000111100000000000
00000000000000000111100000000000
00000000000000001111100000000000
00000000000000001111100000000000
00000000000000001111000000000000
00000000000000001111000000000000
00000000000000001111000000000000
