00000000000000000000000000000000
00000000111111111100000000000000
00000001111111111111000000000000
00000001100000000111110000000000
00000000000000000001110000000000
00000000000000000001110000000000
00000000000000000000110000000000
00000000000000000000110000000000
00000000000000000000110000000000
00000000000000000001110000000000
00000000000000111111110000000000
00000000011111111111110000000000
00000001111111111111110000000000
00000001111100000001111100000000
00000000000000000000111100000000
00000000000000000000001110000000
00000000000000000000000110000000
00000000000000000000000110000000
00000000000000000000000110000000
00000000000000000000000110000000
00000000000000000000001110000000
00000000000000000000011100000000
00000000000000000000111100000000
00000000000000001111110000000000
00110000000011111111000000000000
00111111111111111110000000000000
01111111111111100000000000000000
00000000000000000000000000000000
00000000000000000000000000000000
00000000000000000000000000000000
00000000000000000000000000000000
00000000000000000000000000000000
